[0, 2, 3, 6, 5, 8, 4, 7, 1]

 

[2, 0, 3, 6, 5, 8, 4, 7, 1]
[0, 2, 3, 6, 5, 8, 4, 7, 1]

 

[2, 5, 3, 6, 0, 8, 4, 7, 1]
[2, 0, 3, 6, 5, 8, 4, 7, 1]

 

[2, 5, 3, 0, 6, 8, 4, 7, 1]
[2, 5, 3, 6, 0, 8, 4, 7, 1]

 

[0, 5, 3, 2, 6, 8, 4, 7, 1]
[2, 5, 3, 0, 6, 8, 4, 7, 1]

 

[5, 0, 3, 2, 6, 8, 4, 7, 1]
[0, 5, 3, 2, 6, 8, 4, 7, 1]

 

[5, 6, 3, 2, 0, 8, 4, 7, 1]
[5, 0, 3, 2, 6, 8, 4, 7, 1]

 

[5, 6, 3, 0, 2, 8, 4, 7, 1]
[5, 6, 3, 2, 0, 8, 4, 7, 1]

 

[0, 6, 3, 5, 2, 8, 4, 7, 1]
[5, 6, 3, 0, 2, 8, 4, 7, 1]

 

[6, 0, 3, 5, 2, 8, 4, 7, 1]
[0, 6, 3, 5, 2, 8, 4, 7, 1]

 

9
